C:\Users\Graphics\Desktop\CYY\Project2\data\scene1\scene1 (2).jpg
2144 1424

2 0 711.5 
0 2 1071.5 
0 0 1 

0.999745 -0.0104176 0.0200103 
0.0104155 0.999946 0.000208503 
-0.0200114 1.16336e-009 0.9998 

2355.05

C:\Users\Graphics\Desktop\CYY\Project2\data\scene1\scene1 (3).jpg
2144 1424

2 0 711.5 
0 2 1071.5 
0 0 1 

0.999732 -0.0152898 0.0173932 
0.0111531 0.976106 0.217007 
-0.0202956 -0.216755 0.976015 

2353.2

C:\Users\Graphics\Desktop\CYY\Project2\data\scene1\scene1 (4).jpg
2144 1424

2 0 711.5 
0 2 1071.5 
0 0 1 

0.999744 -0.0174733 0.0144005 
0.0103593 0.918496 0.395294 
-0.0201339 -0.395043 0.918442 

2349.58

C:\Users\Graphics\Desktop\CYY\Project2\data\scene1\scene1 (5).jpg
2144 1424

2 0 711.5 
0 2 1071.5 
0 0 1 

0.999758 -0.019577 0.0100354 
0.0100151 0.81118 0.584711 
-0.0195874 -0.584469 0.811179 

2344.6

C:\Users\Graphics\Desktop\CYY\Project2\data\scene1\scene1 (6).jpg
2144 1424

2 0 711.5 
0 2 1071.5 
0 0 1 

0.999757 -0.0216434 0.0040772 
0.0107226 0.640027 0.768277 
-0.0192376 -0.768047 0.640104 

2345.49

C:\Users\Graphics\Desktop\CYY\Project2\data\scene1\scene1 (7).jpg
2144 1424

2 0 711.5 
0 2 1071.5 
0 0 1 

0.999769 -0.0214671 -0.00118898 
0.00980027 0.405802 0.913908 
-0.0191365 -0.913709 0.405919 

2339.34

C:\Users\Graphics\Desktop\CYY\Project2\data\scene1\scene1 (8).jpg
2144 1424

2 0 711.5 
0 2 1071.5 
0 0 1 

0.999765 -0.0208412 -0.0059768 
0.0104384 0.221068 0.975203 
-0.0190031 -0.975036 0.221234 

2341.28

C:\Users\Graphics\Desktop\CYY\Project2\data\scene1\scene1 (9).jpg
2144 1424

2 0 711.5 
0 2 1071.5 
0 0 1 

0.999761 -0.0183878 -0.0118204 
0.010627 -0.0636961 0.997913 
-0.0191023 -0.9978 -0.0634854 

2337.26

C:\Users\Graphics\Desktop\CYY\Project2\data\scene1\scene1 (10).jpg
2144 1424

2 0 711.5 
0 2 1071.5 
0 0 1 

0.999766 -0.0149364 -0.0156497 
0.0106373 -0.290507 0.956814 
-0.0188378 -0.956756 -0.29028 

2339.07

C:\Users\Graphics\Desktop\CYY\Project2\data\scene1\scene1 (11).jpg
2144 1424

2 0 711.5 
0 2 1071.5 
0 0 1 

0.999761 -0.0103586 -0.019225 
0.0111509 -0.51478 0.85725 
-0.0187765 -0.85726 -0.514541 

2341.3

C:\Users\Graphics\Desktop\CYY\Project2\data\scene1\scene1 (12).jpg
2144 1424

2 0 711.5 
0 2 1071.5 
0 0 1 

0.999761 -0.00580026 -0.0210497 
0.0109049 -0.702576 0.711525 
-0.0189161 -0.711586 -0.702345 

2343.14

C:\Users\Graphics\Desktop\CYY\Project2\data\scene1\scene1 (13).jpg
2144 1424

2 0 711.5 
0 2 1071.5 
0 0 1 

0.999762 -0.000930987 -0.0217701 
0.0108738 -0.844478 0.535481 
-0.018883 -0.535591 -0.844267 

2345.84

C:\Users\Graphics\Desktop\CYY\Project2\data\scene1\scene1 (14).jpg
2144 1424

2 0 711.5 
0 2 1071.5 
0 0 1 

0.99976 0.0047788 -0.0213476 
0.0115646 -0.943797 0.330324 
-0.0185693 -0.330492 -0.943626 

2346.81

C:\Users\Graphics\Desktop\CYY\Project2\data\scene1\scene1 (15).jpg
2144 1424

2 0 711.5 
0 2 1071.5 
0 0 1 

0.999743 0.0101595 -0.0202566 
0.0126915 -0.991554 0.129072 
-0.0187742 -0.129296 -0.991428 

2344.93

C:\Users\Graphics\Desktop\CYY\Project2\data\scene1\scene1 (16).jpg
2144 1424

2 0 711.5 
0 2 1071.5 
0 0 1 

0.999704 0.0169059 -0.0175071 
0.0142668 -0.989877 -0.141209 
-0.0197172 0.140917 -0.989825 

2344.34

C:\Users\Graphics\Desktop\CYY\Project2\data\scene1\scene1 (17).jpg
2144 1424

2 0 711.5 
0 2 1071.5 
0 0 1 

0.999685 0.0209024 -0.0138656 
0.0142441 -0.928081 -0.372106 
-0.0206464 0.371792 -0.928087 

2344.25

C:\Users\Graphics\Desktop\CYY\Project2\data\scene1\scene1 (18).jpg
2144 1424

2 0 711.5 
0 2 1071.5 
0 0 1 

0.999666 0.0240445 -0.0094474 
0.0135949 -0.800596 -0.599051 
-0.0219674 0.598722 -0.800655 

2344.74

C:\Users\Graphics\Desktop\CYY\Project2\data\scene1\scene1 (19).jpg
2144 1424

2 0 711.5 
0 2 1071.5 
0 0 1 

0.999654 0.0259803 -0.00401177 
0.0131591 -0.626644 -0.779194 
-0.0227577 0.778872 -0.62677 

2346.64

C:\Users\Graphics\Desktop\CYY\Project2\data\scene1\scene1 (20).jpg
2144 1424

2 0 711.5 
0 2 1071.5 
0 0 1 

0.999642 0.0265695 0.00318055 
0.012809 -0.370759 -0.928641 
-0.0234943 0.928349 -0.370967 

2347.32

C:\Users\Graphics\Desktop\CYY\Project2\data\scene1\scene1 (21).jpg
2144 1424

2 0 711.5 
0 2 1071.5 
0 0 1 

0.999651 0.0247045 0.0093003 
0.011518 -0.0911995 -0.995766 
-0.0237517 0.995526 -0.0914524 

2348.78

C:\Users\Graphics\Desktop\CYY\Project2\data\scene1\scene1 (22).jpg
2144 1424

2 0 711.5 
0 2 1071.5 
0 0 1 

0.999669 0.0214279 0.0142252 
0.0103631 0.170622 -0.985282 
-0.0235397 0.985103 0.170344 

2349.87

C:\Users\Graphics\Desktop\CYY\Project2\data\scene1\scene1 (23).jpg
2144 1424

2 0 711.5 
0 2 1071.5 
0 0 1 

0.999682 0.0179228 0.0177293 
0.00950068 0.38357 -0.923463 
-0.0233515 0.923338 0.383277 

2348.8

C:\Users\Graphics\Desktop\CYY\Project2\data\scene1\scene1 (24).jpg
2144 1424

2 0 711.5 
0 2 1071.5 
0 0 1 

0.999707 0.0135631 0.0200525 
0.00821174 0.58922 -0.807931 
-0.0227734 0.807858 0.588936 

2349.82

C:\Users\Graphics\Desktop\CYY\Project2\data\scene1\scene1 (25).jpg
2144 1424

2 0 711.5 
0 2 1071.5 
0 0 1 

0.999731 0.00820149 0.0216697 
0.00780921 0.761262 -0.648397 
-0.0218142 0.648392 0.760994 

2352.26

C:\Users\Graphics\Desktop\CYY\Project2\data\scene1\scene1 (26).jpg
2144 1424

2 0 711.5 
0 2 1071.5 
0 0 1 

0.999752 0.00360103 0.021985 
0.00723106 0.880965 -0.473126 
-0.0210717 0.473167 0.88072 

2352.64

C:\Users\Graphics\Desktop\CYY\Project2\data\scene1\scene1 (27).jpg
2144 1424

2 0 711.5 
0 2 1071.5 
0 0 1 

0.999763 -0.00363111 0.0214661 
0.00900035 0.966726 -0.255656 
-0.0198235 0.255789 0.966529 

2351.65

C:\Users\Graphics\Desktop\CYY\Project2\data\scene1\scene1 (28).jpg
2144 1424

2 0 711.5 
0 2 1071.5 
0 0 1 

0.999761 -0.00608666 0.0209804 
0.00971699 0.984064 -0.177547 
-0.0195654 0.177708 0.983889 

2352.98

C:\Users\Graphics\Desktop\CYY\Project2\data\scene1\scene1 (1).jpg
2144 1424

2 0 711.5 
0 2 1071.5 
0 0 1 

0.999737 -0.004925 0.0224039 
0.00940438 0.978825 -0.204482 
-0.0209225 0.204638 0.978614 

2351.92

