C:\Users\Graphics\Desktop\CYY\Project2\data\scene2\scene2_3.jpg
2144 1424

2 0 711.5 
0 2 1071.5 
0 0 1 

0.999881 0.000110751 -0.0154544 
-0.000110737 1 1.71373e-006 
0.0154544 1.03304e-008 0.99988 

2779.03

C:\Users\Graphics\Desktop\CYY\Project2\data\scene2\scene2_4.jpg
2144 1424

2 0 711.5 
0 2 1071.5 
0 0 1 

0.99985 0.00412857 -0.0168207 
-0.000656285 0.979507 0.201406 
0.0173075 -0.201365 0.979363 

2779.19

C:\Users\Graphics\Desktop\CYY\Project2\data\scene2\scene2_5.jpg
2144 1424

2 0 711.5 
0 2 1071.5 
0 0 1 

0.999819 0.00736885 -0.0175352 
-0.000354088 0.928957 0.370188 
0.0190173 -0.370115 0.928791 

2779.27

C:\Users\Graphics\Desktop\CYY\Project2\data\scene2\scene2_6.jpg
2144 1424

2 0 711.5 
0 2 1071.5 
0 0 1 

0.999805 0.00924626 -0.0174614 
-4.66256e-005 0.884848 0.465879 
0.0197584 -0.465787 0.884676 

2778.92

C:\Users\Graphics\Desktop\CYY\Project2\data\scene2\scene2_7.jpg
2144 1424

2 0 711.5 
0 2 1071.5 
0 0 1 

0.999769 0.0128853 -0.0172183 
0.000249637 0.793626 0.608406 
0.0215044 -0.60827 0.79344 

2779.61

C:\Users\Graphics\Desktop\CYY\Project2\data\scene2\scene2_8.jpg
2144 1424

2 0 711.5 
0 2 1071.5 
0 0 1 

0.999719 0.0176011 -0.0159032 
0.000344787 0.659561 0.751651 
0.023719 -0.751445 0.659369 

2780.37

C:\Users\Graphics\Desktop\CYY\Project2\data\scene2\scene2_2.jpg
2144 1424

2 0 711.5 
0 2 1071.5 
0 0 1 

0.999906 -0.00313433 -0.0133679 
0.000709526 0.984091 -0.177665 
0.0137121 0.177639 0.984 

2778.02

